    0.000000    0.000000    0.000000    0.000000    0.000000    0.000000    0.000000    0.000000    0.000000    0.000000    0.000000    0.000000    0.000000    0.000000    0.000000    0.000000    0.000000    0.000000    0.000000    0.000000    0.000000    0.000000    0.000000    0.000000    0.000000
    0.000000    0.000000    0.000000    0.000000    0.000000    0.000000    0.000000    0.000000    0.000000    0.000000    0.000000    0.000000    0.000000    0.000000    0.000000    0.000000    0.000000    0.000000    0.000000    0.000000    0.000000    0.000000    0.000000    0.000000    0.000000
    0.000000    0.000000    0.000000    0.000000    0.000000    0.000000    0.000000    0.000000    0.000000    0.000000    0.000000    0.000000    0.000000    0.000000    0.000000    0.000000    0.000000    0.000000    0.000000    0.000000    0.000000    0.000000    0.000000    0.000000    0.000000
    0.000000    0.000000    0.000000    0.000000    0.000000    0.000000    0.000000    0.000000    0.000000    0.000000    0.000000    0.000000    0.000000    0.000000    0.000000    0.000000    0.000000    0.000000    0.000000    0.000000    0.000000    0.000000    0.000000    0.000000    0.000000
    0.000000    0.000000    0.000000    0.000000    0.000000    0.000000    0.000000    0.000000    0.000000    0.000000    0.000000    0.000000    0.000000    0.000000    0.000000    0.000000    0.000000    0.000000    0.000000    0.000000    0.000000    0.000000    0.000000    0.000000    0.000000
    0.000000    0.000000    0.000000    0.000000    0.000000    0.000000    0.000000    0.000000    0.000000    0.000000    0.000000    0.000000    0.000000    0.000000    0.000000    0.000000    0.000000    0.000000    0.000000    0.000000    0.000000    0.000000    0.000000    0.000000    0.000000
    0.000000    0.000000    0.000000    0.000000    0.000000    0.000000    0.000000    0.000000    0.000000    0.000000    0.000000    0.000000    0.000000    0.000000    0.000000    0.000000    0.000000    0.000000    0.000000    0.000000    0.000000    0.000000    0.000000    0.000000    0.000000
    0.000000    0.000000    0.000000    0.000000    0.000000    0.000000    0.000000    0.000000    0.000000    0.000000    0.000000    0.000000    0.000000    0.000000    0.000000    0.000000    0.000000    0.000000    0.000000    0.000000    0.000000    0.000000    0.000000    0.000000    0.000000
    0.000000    0.000000    0.000000    0.000000    0.000000    0.000000    0.000000    0.000000    0.000000    0.000000    0.000000    0.000000    0.000000    0.000000    0.000000    0.000000    0.000000    0.000000    0.000000    0.000000    0.000000    0.000000    0.000000    0.000000    0.000000
    0.000000    0.000000    0.000000    0.000000    0.000000    0.000000    0.000000    0.000000    0.000000    0.000000    0.000000    0.000000    0.000000    0.000000    0.000000    0.000000    0.000000    0.000000    0.000000    0.000000    0.000000    0.000000    0.000000    0.000000    0.000000
    0.000000    0.000000    0.000000    0.000000    0.000000    0.000000    0.000000    0.000000    0.000000    0.000000    0.000000    0.000000    0.000000    0.000000    0.000000    0.000000    0.000000    0.000000    0.000000    0.000000    0.000000    0.000000    0.000000    0.000000    0.000000
    0.000000    0.000000    0.000000    0.000000    0.000000    0.000000    0.000000    0.000000    0.000000    0.000000    0.000000    0.000000    0.000000    0.000000    0.000000    0.000000    0.000000    0.000000    0.000000    0.000000    0.000000    0.000000    0.000000    0.000000    0.000000
    0.000000    0.000000    0.000000    0.000000    0.000000    0.000000    0.000000    0.000000    0.000000    0.000000    0.000000    0.000000    0.000000    0.000000    0.000000    0.000000    0.000000    0.000000    0.000000    0.000000    0.000000    0.000000    0.000000    0.000000    0.000000
    0.000000    0.000000    0.000000    0.000000    0.000000    0.000000    0.000000    0.000000    0.000000    0.000000    0.000000    0.000000    0.000000    0.000000    0.000000    0.000000    0.000000    0.000000    0.000000    0.000000    0.000000    0.000000    0.000000    0.000000    0.000000
    0.000000    0.000000    0.000000    0.000000    0.000000    0.000000    0.000000    0.000000    0.000000    0.000000    0.000000    0.000000    0.000000    0.000000    0.000000    0.000000    0.000000    0.000000    0.000000    0.000000    0.000000    0.000000    0.000000    0.000000    0.000000
    0.000000    0.000000    0.000000    0.000000    0.000000    0.000000    0.000000    0.000000    0.000000    0.000000    0.000000    0.000000    0.000000    0.000000    0.000000    0.000000    0.000000    0.000000    0.000000    0.000000    0.000000    0.000000    0.000000    0.000000    0.000000
    0.000000    0.000000    0.000000    0.000000    0.000000    0.000000    0.000000    0.000000    0.000000    0.000000    0.000000    0.000000    0.000000    0.000000    0.000000    0.000000    0.000000    0.000000    0.000000    0.000000    0.000000    0.000000    0.000000    0.000000    0.000000
    0.000000    0.000000    0.000000    0.000000    0.000000    0.000000    0.000000    0.000000    0.000000    0.000000    0.000000    0.000000    0.000000    0.000000    0.000000    0.000000    0.000000    0.000000    0.000000    0.000000    0.000000    0.000000    0.000000    0.000000    0.000000
    0.000000    0.000000    0.000000    0.000000    0.000000    0.000000    0.000000    0.000000    0.000000    0.000000    0.000000    0.000000    0.000000    0.000000    0.000000    0.000000    0.000000    0.000000    0.000000    0.000000    0.000000    0.000000    0.000000    0.000000    0.000000
    0.000000    0.000000    0.000000    0.000000    0.000000    0.000000    0.000000    0.000000    0.000000    0.000000    0.000000    0.000000    0.000000    0.000000    0.000000    0.000000    0.000000    0.000000    0.000000    0.000000    0.000000    0.000000    0.000000    0.000000    0.000000
    0.000000    0.000000    0.000000    0.000000    0.000000    0.000000    0.000000    0.000000    0.000000    0.000000    0.000000    0.000000    0.000000    0.000000    0.000000    0.000000    0.000000    0.000000    0.000000    0.000000    0.000000    0.000000    0.000000    0.000000    0.000000
    0.000000    0.000000    0.000000    0.000000    0.000000    0.000000    0.000000    0.000000    0.000000    0.000000    0.000000    0.000000    0.000000    0.000000    0.000000    0.000000    0.000000    0.000000    0.000000    0.000000    0.000000    0.000000    0.000000    0.000000    0.000000
    0.000000    0.000000    0.000000    0.000000    0.000000    0.000000    0.000000    0.000000    0.000000    0.000000    0.000000    0.000000    0.000000    0.000000    0.000000    0.000000    0.000000    0.000000    0.000000    0.000000    0.000000    0.000000    0.000000    0.000000    0.000000
    0.000000    0.000000    0.000000    0.000000    0.000000    0.000000    0.000000    0.000000    0.000000    0.000000    0.000000    0.000000    0.000000    0.000000    0.000000    0.000000    0.000000    0.000000    0.000000    0.000000    0.000000    0.000000    0.000000    0.000000    0.000000
    0.000000    0.000000    0.000000    0.000000    0.000000    0.000000    0.000000    0.000000    0.000000    0.000000    0.000000    0.000000    0.000000    0.000000    0.000000    0.000000    0.000000    0.000000    0.000000    0.000000    0.000000    0.000000    0.000000    0.000000    0.000000
    0.000000    0.000000    0.000000    0.000000    0.000000    0.000000    0.000000    0.000000    0.000000    0.000000   -0.000000   -0.000000   -0.000000   -0.000000   -0.000000    0.000000    0.000000    0.000000    0.000000    0.000000    0.000000    0.000000    0.000000    0.000000    0.000000
    0.000000    0.000000    0.000000    0.000000    0.000000    0.000000    0.000000    0.000000    0.000000   -0.000000   -0.000000   -0.000000   -0.000000   -0.000000   -0.000000   -0.000000    0.000000    0.000000    0.000000    0.000000    0.000000    0.000000    0.000000    0.000000    0.000000
    0.000000    0.000000    0.000000    0.000000    0.000000    0.000000    0.000000    0.000000   -0.000000   -0.000000   -0.000000   -0.000000   -0.000000   -0.000000   -0.000000   -0.000000   -0.000000    0.000000    0.000000    0.000000    0.000000    0.000000    0.000000    0.000000    0.000000
    0.000000    0.000000    0.000000    0.000000    0.000000    0.000000    0.000000   -0.000000   -0.000000   -0.000000   -0.000000   -0.000000   -0.000000   -0.000000   -0.000000   -0.000000   -0.000000   -0.000000    0.000000    0.000000    0.000000    0.000000    0.000000    0.000000    0.000000
    0.000000    0.000000    0.000000    0.000000    0.000000    0.000000   -0.000000   -0.000000   -0.000000   -0.000000   -0.000000   -0.000000   -0.000000   -0.000000   -0.000000   -0.000000   -0.000000   -0.000000   -0.000000    0.000000    0.000000    0.000000    0.000000    0.000000    0.000000
    0.000000    0.000000    0.000000    0.000000    0.000000   -0.000000   -0.000000   -0.000000   -0.000000   -0.000000   -0.000000   -0.000000   -0.000000   -0.000000   -0.000000   -0.000000   -0.000000   -0.000000   -0.000000   -0.000000    0.000000    0.000000    0.000000    0.000000    0.000000
    0.000000    0.000000    0.000000    0.000000   -0.000000   -0.000000   -0.000000   -0.000000   -0.000000   -0.000000   -0.000000   -0.000000   -0.000000   -0.000000   -0.000000   -0.000000   -0.000000   -0.000000   -0.000000   -0.000000   -0.000000    0.000000    0.000000    0.000000    0.000000
    0.000000    0.000000    0.000000   -0.000000   -0.000000   -0.000000   -0.000000   -0.000000   -0.000000   -0.000000   -0.000000   -0.000000   -0.000000   -0.000000   -0.000000   -0.000000   -0.000000   -0.000000   -0.000000   -0.000000   -0.000000   -0.000000    0.000000    0.000000    0.000000
    0.000000    0.000000   -0.000000   -0.000000   -0.000000   -0.000000   -0.000000   -0.000000   -0.000000   -0.000000   -0.000000   -0.000000   -0.000000   -0.000000   -0.000000   -0.000000   -0.000000   -0.000000   -0.000000   -0.000000   -0.000000   -0.000000   -0.000000    0.000000    0.000000
    0.000000   -0.000000   -0.000000   -0.000000   -0.000000   -0.000000   -0.000000   -0.000000   -0.000000   -0.000000   -0.000000   -0.000158   -0.000162   -0.000165   -0.000000   -0.000000   -0.000000   -0.000000   -0.000000   -0.000000   -0.000000   -0.000000   -0.000000   -0.000000    0.000000
   -0.000000   -0.000000   -0.000000   -0.000000   -0.000000   -0.000000   -0.000000   -0.000000   -0.000000   -0.000000   -0.000320   -0.016643   -0.016651   -0.016643   -0.000320   -0.000000   -0.000000   -0.000000   -0.000000   -0.000000   -0.000000   -0.000000   -0.000000   -0.000000   -0.000000
   -0.000000   -0.000000   -0.000000   -0.000000   -0.000000   -0.000000   -0.000000   -0.000000   -0.000000   -0.000165   -0.016643   -0.016658   -0.016658   -0.016658   -0.016643   -0.000158   -0.000000   -0.000000   -0.000000   -0.000000   -0.000000   -0.000000   -0.000000   -0.000000   -0.000000
   -0.000000   -0.000000   -0.000000   -0.000000   -0.000000   -0.000000   -0.000000   -0.000000   -0.000000   -0.000162   -0.016651   -0.016658   -0.016658   -0.016658   -0.016651   -0.000163   -0.000000   -0.000000   -0.000000   -0.000000   -0.000000   -0.000000   -0.000000   -0.000000   -0.000000
   -0.000000   -0.000000   -0.000000   -0.000000   -0.000000   -0.000000   -0.000000   -0.000000   -0.000000   -0.000158   -0.016643   -0.016658   -0.016658   -0.016658   -0.016643   -0.000165   -0.000000   -0.000000   -0.000000   -0.000000   -0.000000   -0.000000   -0.000000   -0.000000   -0.000000
   -0.000000   -0.000000   -0.000000   -0.000000   -0.000000   -0.000000   -0.000000   -0.000000   -0.000000   -0.000000   -0.000320   -0.016643   -0.016651   -0.016643   -0.000320   -0.000000   -0.000000   -0.000000   -0.000000   -0.000000   -0.000000   -0.000000   -0.000000   -0.000000   -0.000000
    0.000000   -0.000000   -0.000000   -0.000000   -0.000000   -0.000000   -0.000000   -0.000000   -0.000000   -0.000000   -0.000000   -0.000165   -0.000163   -0.000158   -0.000000   -0.000000   -0.000000   -0.000000   -0.000000   -0.000000   -0.000000   -0.000000   -0.000000   -0.000000    0.000000
    0.000000    0.000000   -0.000000   -0.000000   -0.000000   -0.000000   -0.000000   -0.000000   -0.000000   -0.000000   -0.000000   -0.000000   -0.000000   -0.000000   -0.000000   -0.000000   -0.000000   -0.000000   -0.000000   -0.000000   -0.000000   -0.000000   -0.000000    0.000000    0.000000
    0.000000    0.000000    0.000000   -0.000000   -0.000000   -0.000000   -0.000000   -0.000000   -0.000000   -0.000000   -0.000000   -0.000000   -0.000000   -0.000000   -0.000000   -0.000000   -0.000000   -0.000000   -0.000000   -0.000000   -0.000000   -0.000000    0.000000    0.000000    0.000000
    0.000000    0.000000    0.000000    0.000000   -0.000000   -0.000000   -0.000000   -0.000000   -0.000000   -0.000000   -0.000000   -0.000000   -0.000000   -0.000000   -0.000000   -0.000000   -0.000000   -0.000000   -0.000000   -0.000000   -0.000000    0.000000    0.000000    0.000000    0.000000
    0.000000    0.000000    0.000000    0.000000    0.000000   -0.000000   -0.000000   -0.000000   -0.000000   -0.000000   -0.000000   -0.000000   -0.000000   -0.000000   -0.000000   -0.000000   -0.000000   -0.000000   -0.000000   -0.000000    0.000000    0.000000    0.000000    0.000000    0.000000
    0.000000    0.000000    0.000000    0.000000    0.000000    0.000000   -0.000000   -0.000000   -0.000000   -0.000000   -0.000000   -0.000000   -0.000000   -0.000000   -0.000000   -0.000000   -0.000000   -0.000000   -0.000000    0.000000    0.000000    0.000000    0.000000    0.000000    0.000000
    0.000000    0.000000    0.000000    0.000000    0.000000    0.000000    0.000000   -0.000000   -0.000000   -0.000000   -0.000000   -0.000000   -0.000000   -0.000000   -0.000000   -0.000000   -0.000000   -0.000000    0.000000    0.000000    0.000000    0.000000    0.000000    0.000000    0.000000
    0.000000    0.000000    0.000000    0.000000    0.000000    0.000000    0.000000    0.000000   -0.000000   -0.000000   -0.000000   -0.000000   -0.000000   -0.000000   -0.000000   -0.000000   -0.000000    0.000000    0.000000    0.000000    0.000000    0.000000    0.000000    0.000000    0.000000
    0.000000    0.000000    0.000000    0.000000    0.000000    0.000000    0.000000    0.000000    0.000000   -0.000000   -0.000000   -0.000000   -0.000000   -0.000000   -0.000000   -0.000000    0.000000    0.000000    0.000000    0.000000    0.000000    0.000000    0.000000    0.000000    0.000000
    0.000000    0.000000    0.000000    0.000000    0.000000    0.000000    0.000000    0.000000    0.000000    0.000000   -0.000000   -0.000000   -0.000000   -0.000000   -0.000000    0.000000    0.000000    0.000000    0.000000    0.000000    0.000000    0.000000    0.000000    0.000000    0.000000
    0.000000    0.000000    0.000000    0.000000    0.000000    0.000000    0.000000    0.000000    0.000000   -0.000000   -0.000000   -0.000000   -0.000000   -0.000000   -0.000000   -0.000000    0.000000    0.000000    0.000000    0.000000    0.000000    0.000000    0.000000    0.000000    0.000000
    0.000000    0.000000    0.000000    0.000000    0.000000    0.000000    0.000000    0.000000   -0.000000   -0.000000   -0.000000   -0.000000   -0.000000   -0.000000   -0.000000   -0.000000   -0.000000    0.000000    0.000000    0.000000    0.000000    0.000000    0.000000    0.000000    0.000000
    0.000000    0.000000    0.000000    0.000000    0.000000    0.000000    0.000000   -0.000000   -0.000000   -0.000000   -0.000000   -0.000000   -0.000000   -0.000000   -0.000000   -0.000000   -0.000000   -0.000000    0.000000    0.000000    0.000000    0.000000    0.000000    0.000000    0.000000
    0.000000    0.000000    0.000000    0.000000    0.000000    0.000000   -0.000000   -0.000000   -0.000000   -0.000000   -0.000000   -0.000000   -0.000000   -0.000000   -0.000000   -0.000000   -0.000000   -0.000000   -0.000000    0.000000    0.000000    0.000000    0.000000    0.000000    0.000000
    0.000000    0.000000    0.000000    0.000000    0.000000   -0.000000   -0.000000   -0.000000   -0.000000   -0.000000   -0.000000   -0.000000   -0.000000   -0.000000   -0.000000   -0.000000   -0.000000   -0.000000   -0.000000   -0.000000    0.000000    0.000000    0.000000    0.000000    0.000000
    0.000000    0.000000    0.000000    0.000000   -0.000000   -0.000000   -0.000000   -0.000000   -0.000000   -0.000000   -0.000000   -0.000000   -0.000000   -0.000000   -0.000000   -0.000000   -0.000000   -0.000000   -0.000000   -0.000000   -0.000000    0.000000    0.000000    0.000000    0.000000
    0.000000    0.000000    0.000000   -0.000000   -0.000000   -0.000000   -0.000000   -0.000000   -0.000000   -0.000000   -0.000000   -0.000000   -0.000000   -0.000000   -0.000000   -0.000000   -0.000000   -0.000000   -0.000000   -0.000000   -0.000000   -0.000000    0.000000    0.000000    0.000000
    0.000000    0.000000   -0.000000   -0.000000   -0.000000   -0.000000   -0.000000   -0.000000   -0.000000   -0.000000   -0.000000   -0.000000   -0.000000   -0.000000   -0.000000   -0.000000   -0.000000   -0.000000   -0.000000   -0.000000   -0.000000   -0.000000   -0.000000    0.000000    0.000000
    0.000000   -0.000000   -0.000000   -0.000000   -0.000000   -0.000000   -0.000000   -0.000000   -0.000000   -0.000000   -0.000000   -0.000001   -0.000001   -0.000001   -0.000000   -0.000000   -0.000000   -0.000000   -0.000000   -0.000000   -0.000000   -0.000000   -0.000000   -0.000000    0.000000
   -0.000000   -0.000000   -0.000000   -0.000000   -0.000000   -0.000000   -0.000000   -0.000000   -0.000000   -0.000000   -0.000009   -0.002183   -0.002309   -0.002385   -0.000003   -0.000000   -0.000000   -0.000000   -0.000000   -0.000000   -0.000000   -0.000000   -0.000000   -0.000000   -0.000000
   -0.000000   -0.000000   -0.000000   -0.000000   -0.000000   -0.000000   -0.000000   -0.000000   -0.000000   -0.000003   -0.004318   -0.033267   -0.033292   -0.033267   -0.004318   -0.000009   -0.000000   -0.000000   -0.000000   -0.000000   -0.000000   -0.000000   -0.000000   -0.000000   -0.000000
   -0.000000   -0.000000   -0.000000   -0.000000   -0.000000   -0.000000   -0.000000   -0.000000   -0.000001   -0.002385   -0.033267   -0.033319   -0.033319   -0.033319   -0.033267   -0.002183   -0.000001   -0.000000   -0.000000   -0.000000   -0.000000   -0.000000   -0.000000   -0.000000   -0.000000
   -0.000000   -0.000000   -0.000000   -0.000000   -0.000000   -0.000000   -0.000000   -0.000000   -0.000001   -0.002309   -0.033292   -0.033319   -0.033319   -0.033319   -0.033292   -0.002309   -0.000001   -0.000000   -0.000000   -0.000000   -0.000000   -0.000000   -0.000000   -0.000000   -0.000000
   -0.000000   -0.000000   -0.000000   -0.000000   -0.000000   -0.000000   -0.000000   -0.000000   -0.000001   -0.002183   -0.033267   -0.033319   -0.033319   -0.033319   -0.033267   -0.002385   -0.000001   -0.000000   -0.000000   -0.000000   -0.000000   -0.000000   -0.000000   -0.000000   -0.000000
   -0.000000   -0.000000   -0.000000   -0.000000   -0.000000   -0.000000   -0.000000   -0.000000   -0.000000   -0.000009   -0.004318   -0.033267   -0.033292   -0.033267   -0.004318   -0.000003   -0.000000   -0.000000   -0.000000   -0.000000   -0.000000   -0.000000   -0.000000   -0.000000   -0.000000
   -0.000000   -0.000000   -0.000000   -0.000000   -0.000000   -0.000000   -0.000000   -0.000000   -0.000000   -0.000000   -0.000003   -0.002385   -0.002309   -0.002183   -0.000009   -0.000000   -0.000000   -0.000000   -0.000000   -0.000000   -0.000000   -0.000000   -0.000000   -0.000000   -0.000000
    0.000000   -0.000000   -0.000000   -0.000000   -0.000000   -0.000000   -0.000000   -0.000000   -0.000000   -0.000000   -0.000000   -0.000001   -0.000001   -0.000001   -0.000000   -0.000000   -0.000000   -0.000000   -0.000000   -0.000000   -0.000000   -0.000000   -0.000000   -0.000000    0.000000
    0.000000    0.000000   -0.000000   -0.000000   -0.000000   -0.000000   -0.000000   -0.000000   -0.000000   -0.000000   -0.000000   -0.000000   -0.000000   -0.000000   -0.000000   -0.000000   -0.000000   -0.000000   -0.000000   -0.000000   -0.000000   -0.000000   -0.000000    0.000000    0.000000
    0.000000    0.000000    0.000000   -0.000000   -0.000000   -0.000000   -0.000000   -0.000000   -0.000000   -0.000000   -0.000000   -0.000000   -0.000000   -0.000000   -0.000000   -0.000000   -0.000000   -0.000000   -0.000000   -0.000000   -0.000000   -0.000000    0.000000    0.000000    0.000000
    0.000000    0.000000    0.000000    0.000000   -0.000000   -0.000000   -0.000000   -0.000000   -0.000000   -0.000000   -0.000000   -0.000000   -0.000000   -0.000000   -0.000000   -0.000000   -0.000000   -0.000000   -0.000000   -0.000000   -0.000000    0.000000    0.000000    0.000000    0.000000
    0.000000    0.000000    0.000000    0.000000    0.000000   -0.000000   -0.000000   -0.000000   -0.000000   -0.000000   -0.000000   -0.000000   -0.000000   -0.000000   -0.000000   -0.000000   -0.000000   -0.000000   -0.000000   -0.000000    0.000000    0.000000    0.000000    0.000000    0.000000
    0.000000    0.000000    0.000000    0.000000    0.000000    0.000000   -0.000000   -0.000000   -0.000000   -0.000000   -0.000000   -0.000000   -0.000000   -0.000000   -0.000000   -0.000000   -0.000000   -0.000000   -0.000000    0.000000    0.000000    0.000000    0.000000    0.000000    0.000000
    0.000000    0.000000    0.000000    0.000000    0.000000    0.000000    0.000000   -0.000000   -0.000000   -0.000000   -0.000000   -0.000000   -0.000000   -0.000000   -0.000000   -0.000000   -0.000000   -0.000000    0.000000    0.000000    0.000000    0.000000    0.000000    0.000000    0.000000
    0.000000    0.000000    0.000000    0.000000    0.000000    0.000000    0.000000    0.000000   -0.000000   -0.000000   -0.000000   -0.000000   -0.000000   -0.000000   -0.000000   -0.000000   -0.000000    0.000000    0.000000    0.000000    0.000000    0.000000    0.000000    0.000000    0.000000
    0.000000    0.000000    0.000000    0.000000    0.000000    0.000000    0.000000    0.000000    0.000000   -0.000000   -0.000000   -0.000000   -0.000000   -0.000000   -0.000000   -0.000000    0.000000    0.000000    0.000000    0.000000    0.000000    0.000000    0.000000    0.000000    0.000000
    0.000000    0.000000    0.000000    0.000000    0.000000    0.000000    0.000000    0.000000   -0.000000   -0.000000   -0.000000   -0.000000   -0.000000   -0.000000   -0.000000   -0.000000   -0.000000    0.000000    0.000000    0.000000    0.000000    0.000000    0.000000    0.000000    0.000000
    0.000000    0.000000    0.000000    0.000000    0.000000    0.000000    0.000000   -0.000000   -0.000000   -0.000000   -0.000000   -0.000000   -0.000000   -0.000000   -0.000000   -0.000000   -0.000000   -0.000000    0.000000    0.000000    0.000000    0.000000    0.000000    0.000000    0.000000
    0.000000    0.000000    0.000000    0.000000    0.000000    0.000000   -0.000000   -0.000000   -0.000000   -0.000000   -0.000000   -0.000000   -0.000000   -0.000000   -0.000000   -0.000000   -0.000000   -0.000000   -0.000000    0.000000    0.000000    0.000000    0.000000    0.000000    0.000000
    0.000000    0.000000    0.000000    0.000000    0.000000   -0.000000   -0.000000   -0.000000   -0.000000   -0.000000   -0.000000   -0.000000   -0.000000   -0.000000   -0.000000   -0.000000   -0.000000   -0.000000   -0.000000   -0.000000    0.000000    0.000000    0.000000    0.000000    0.000000
    0.000000    0.000000    0.000000    0.000000   -0.000000   -0.000000   -0.000000   -0.000000   -0.000000   -0.000000   -0.000000   -0.000000   -0.000000   -0.000000   -0.000000   -0.000000   -0.000000   -0.000000   -0.000000   -0.000000   -0.000000    0.000000    0.000000    0.000000    0.000000
    0.000000    0.000000    0.000000   -0.000000   -0.000000   -0.000000   -0.000000   -0.000000   -0.000000   -0.000000   -0.000000   -0.000000   -0.000000   -0.000000   -0.000000   -0.000000   -0.000000   -0.000000   -0.000000   -0.000000   -0.000000   -0.000000    0.000000    0.000000    0.000000
    0.000000    0.000000   -0.000000   -0.000000   -0.000000   -0.000000   -0.000000   -0.000000   -0.000000   -0.000000   -0.000000   -0.000000   -0.000000   -0.000000   -0.000000   -0.000000   -0.000000   -0.000000   -0.000000   -0.000000   -0.000000   -0.000000   -0.000000    0.000000    0.000000
    0.000000   -0.000000   -0.000000   -0.000000   -0.000000   -0.000000   -0.000000   -0.000000   -0.000000   -0.000000   -0.000000   -0.000000   -0.000000   -0.000000   -0.000000   -0.000000   -0.000000   -0.000000   -0.000000   -0.000000   -0.000000   -0.000000   -0.000000   -0.000000    0.000000
   -0.000000   -0.000000   -0.000000   -0.000000   -0.000000   -0.000000   -0.000000   -0.000000   -0.000000   -0.000000   -0.000000   -0.000005   -0.000006   -0.000006   -0.000000   -0.000000   -0.000000   -0.000000   -0.000000   -0.000000   -0.000000   -0.000000   -0.000000   -0.000000   -0.000000
   -0.000000   -0.000000   -0.000000   -0.000000   -0.000000   -0.000000   -0.000000   -0.000000   -0.000000   -0.000000   -0.000196   -0.009059   -0.009848   -0.010248   -0.000017   -0.000000   -0.000000   -0.000000   -0.000000   -0.000000   -0.000000   -0.000000   -0.000000   -0.000000   -0.000000
   -0.000000   -0.000000   -0.000000   -0.000000   -0.000000   -0.000000   -0.000000   -0.000000   -0.000000   -0.000017   -0.016818   -0.049891   -0.049931   -0.049892   -0.016819   -0.000196   -0.000000   -0.000000   -0.000000   -0.000000   -0.000000   -0.000000   -0.000000   -0.000000   -0.000000
   -0.000000   -0.000000   -0.000000   -0.000000   -0.000000   -0.000000   -0.000000   -0.000000   -0.000006   -0.010248   -0.049892   -0.049981   -0.049981   -0.049981   -0.049892   -0.009059   -0.000005   -0.000000   -0.000000   -0.000000   -0.000000   -0.000000   -0.000000   -0.000000   -0.000000
   -0.000000   -0.000000   -0.000000   -0.000000   -0.000000   -0.000000   -0.000000   -0.000000   -0.000006   -0.009848   -0.049931   -0.049981   -0.049981   -0.049981   -0.049931   -0.009849   -0.000006   -0.000000   -0.000000   -0.000000   -0.000000   -0.000000   -0.000000   -0.000000   -0.000000
   -0.000000   -0.000000   -0.000000   -0.000000   -0.000000   -0.000000   -0.000000   -0.000000   -0.000005   -0.009058   -0.049891   -0.049981   -0.049981   -0.049981   -0.049892   -0.010249   -0.000006   -0.000000   -0.000000   -0.000000   -0.000000   -0.000000   -0.000000   -0.000000   -0.000000
   -0.000000   -0.000000   -0.000000   -0.000000   -0.000000   -0.000000   -0.000000   -0.000000   -0.000000   -0.000196   -0.016818   -0.049892   -0.049931   -0.049892   -0.016819   -0.000017   -0.000000   -0.000000   -0.000000   -0.000000   -0.000000   -0.000000   -0.000000   -0.000000   -0.000000
   -0.000000   -0.000000   -0.000000   -0.000000   -0.000000   -0.000000   -0.000000   -0.000000   -0.000000   -0.000000   -0.000017   -0.010249   -0.009848   -0.009059   -0.000196   -0.000000   -0.000000   -0.000000   -0.000000   -0.000000   -0.000000   -0.000000   -0.000000   -0.000000   -0.000000
   -0.000000   -0.000000   -0.000000   -0.000000   -0.000000   -0.000000   -0.000000   -0.000000   -0.000000   -0.000000   -0.000000   -0.000006   -0.000006   -0.000005   -0.000000   -0.000000   -0.000000   -0.000000   -0.000000   -0.000000   -0.000000   -0.000000   -0.000000   -0.000000   -0.000000
    0.000000   -0.000000   -0.000000   -0.000000   -0.000000   -0.000000   -0.000000   -0.000000   -0.000000   -0.000000   -0.000000   -0.000000   -0.000000   -0.000000   -0.000000   -0.000000   -0.000000   -0.000000   -0.000000   -0.000000   -0.000000   -0.000000   -0.000000   -0.000000    0.000000
    0.000000    0.000000   -0.000000   -0.000000   -0.000000   -0.000000   -0.000000   -0.000000   -0.000000   -0.000000   -0.000000   -0.000000   -0.000000   -0.000000   -0.000000   -0.000000   -0.000000   -0.000000   -0.000000   -0.000000   -0.000000   -0.000000   -0.000000    0.000000    0.000000
    0.000000    0.000000    0.000000   -0.000000   -0.000000   -0.000000   -0.000000   -0.000000   -0.000000   -0.000000   -0.000000   -0.000000   -0.000000   -0.000000   -0.000000   -0.000000   -0.000000   -0.000000   -0.000000   -0.000000   -0.000000   -0.000000    0.000000    0.000000    0.000000
    0.000000    0.000000    0.000000    0.000000   -0.000000   -0.000000   -0.000000   -0.000000   -0.000000   -0.000000   -0.000000   -0.000000   -0.000000   -0.000000   -0.000000   -0.000000   -0.000000   -0.000000   -0.000000   -0.000000   -0.000000    0.000000    0.000000    0.000000    0.000000
    0.000000    0.000000    0.000000    0.000000    0.000000   -0.000000   -0.000000   -0.000000   -0.000000   -0.000000   -0.000000   -0.000000   -0.000000   -0.000000   -0.000000   -0.000000   -0.000000   -0.000000   -0.000000   -0.000000    0.000000    0.000000    0.000000    0.000000    0.000000
    0.000000    0.000000    0.000000    0.000000    0.000000    0.000000   -0.000000   -0.000000   -0.000000   -0.000000   -0.000000   -0.000000   -0.000000   -0.000000   -0.000000   -0.000000   -0.000000   -0.000000   -0.000000    0.000000    0.000000    0.000000    0.000000    0.000000    0.000000
