    0.000000    0.000000    0.000000    0.000000    0.000000    0.000000    0.000000    0.000000    0.000000    0.000000    0.000000    0.000000    0.000000    0.000000    0.000000    0.000000    0.000000    0.000000    0.000000    0.000000    0.000000    0.000000    0.000000    0.000000    0.000000
    0.000000    0.000000    0.000000    0.000000    0.000000    0.000000    0.000000    0.000000    0.000000    0.000000    0.000000    0.000000    0.000000    0.000000    0.000000    0.000000    0.000000    0.000000    0.000000    0.000000    0.000000    0.000000    0.000000    0.000000    0.000000
    0.000000    0.000000    0.000000    0.000000    0.000000    0.000000    0.000000    0.000000    0.000000    0.000000    0.000000    0.000000    0.000000    0.000000    0.000000    0.000000    0.000000    0.000000    0.000000    0.000000    0.000000    0.000000    0.000000    0.000000    0.000000
    0.000000    0.000000    0.000000    0.000000    0.000000    0.000000    0.000000    0.000000    0.000000    0.000000    0.000000    0.000000    0.000000    0.000000    0.000000    0.000000    0.000000    0.000000    0.000000    0.000000    0.000000    0.000000    0.000000    0.000000    0.000000
    0.000000    0.000000    0.000000    0.000000    0.000000    0.000000    0.000000    0.000000    0.000000    0.000000    0.000000    0.000000    0.000000    0.000000    0.000000    0.000000    0.000000    0.000000    0.000000    0.000000    0.000000    0.000000    0.000000    0.000000    0.000000
    0.000000    0.000000    0.000000    0.000000    0.000000    0.000000    0.000000    0.000000    0.000000    0.000000    0.000000    0.000000    0.000000    0.000000    0.000000    0.000000    0.000000    0.000000    0.000000    0.000000    0.000000    0.000000    0.000000    0.000000    0.000000
    0.000000    0.000000    0.000000    0.000000    0.000000    0.000000    0.000000    0.000000    0.000000    0.000000    0.000000    0.000000    0.000000    0.000000    0.000000    0.000000    0.000000    0.000000    0.000000    0.000000    0.000000    0.000000    0.000000    0.000000    0.000000
    0.000000    0.000000    0.000000    0.000000    0.000000    0.000000    0.000000    0.000000    0.000000    0.000000    0.000000    0.000000    0.000000    0.000000    0.000000    0.000000    0.000000    0.000000    0.000000    0.000000    0.000000    0.000000    0.000000    0.000000    0.000000
    0.000000    0.000000    0.000000    0.000000    0.000000    0.000000    0.000000    0.000000    0.000000    0.000000    0.000000    0.000000    0.000000    0.000000    0.000000    0.000000    0.000000    0.000000    0.000000    0.000000    0.000000    0.000000    0.000000    0.000000    0.000000
    0.000000    0.000000    0.000000    0.000000    0.000000    0.000000    0.000000    0.000000    0.000000    0.000000    0.000000    0.000000    0.000000    0.000000    0.000000    0.000000    0.000000    0.000000    0.000000    0.000000    0.000000    0.000000    0.000000    0.000000    0.000000
    0.000000    0.000000    0.000000    0.000000    0.000000    0.000000    0.000000    0.000000    0.000000    0.000000    0.000000    0.000000    0.000000    0.000000    0.000000    0.000000    0.000000    0.000000    0.000000    0.000000    0.000000    0.000000    0.000000    0.000000    0.000000
    0.000000    0.000000    0.000000    0.000000    0.000000    0.000000    0.000000    0.000000    0.000000    0.000000    0.000000    0.000000    0.000000    0.000000    0.000000    0.000000    0.000000    0.000000    0.000000    0.000000    0.000000    0.000000    0.000000    0.000000    0.000000
    0.000000    0.000000    0.000000    0.000000    0.000000    0.000000    0.000000    0.000000    0.000000    0.000000    0.000000    0.000000    0.000000    0.000000    0.000000    0.000000    0.000000    0.000000    0.000000    0.000000    0.000000    0.000000    0.000000    0.000000    0.000000
    0.000000    0.000000    0.000000    0.000000    0.000000    0.000000    0.000000    0.000000    0.000000    0.000000    0.000000    0.000000    0.000000    0.000000    0.000000    0.000000    0.000000    0.000000    0.000000    0.000000    0.000000    0.000000    0.000000    0.000000    0.000000
    0.000000    0.000000    0.000000    0.000000    0.000000    0.000000    0.000000    0.000000    0.000000    0.000000    0.000000    0.000000    0.000000    0.000000    0.000000    0.000000    0.000000    0.000000    0.000000    0.000000    0.000000    0.000000    0.000000    0.000000    0.000000
    0.000000    0.000000    0.000000    0.000000    0.000000    0.000000    0.000000    0.000000    0.000000    0.000000    0.000000    0.000000    0.000000    0.000000    0.000000    0.000000    0.000000    0.000000    0.000000    0.000000    0.000000    0.000000    0.000000    0.000000    0.000000
    0.000000    0.000000    0.000000    0.000000    0.000000    0.000000    0.000000    0.000000    0.000000    0.000000    0.000000    0.000000    0.000000    0.000000    0.000000    0.000000    0.000000    0.000000    0.000000    0.000000    0.000000    0.000000    0.000000    0.000000    0.000000
    0.000000    0.000000    0.000000    0.000000    0.000000    0.000000    0.000000    0.000000    0.000000    0.000000    0.000000    0.000000    0.000000    0.000000    0.000000    0.000000    0.000000    0.000000    0.000000    0.000000    0.000000    0.000000    0.000000    0.000000    0.000000
    0.000000    0.000000    0.000000    0.000000    0.000000    0.000000    0.000000    0.000000    0.000000    0.000000    0.000000    0.000000    0.000000    0.000000    0.000000    0.000000    0.000000    0.000000    0.000000    0.000000    0.000000    0.000000    0.000000    0.000000    0.000000
    0.000000    0.000000    0.000000    0.000000    0.000000    0.000000    0.000000    0.000000    0.000000    0.000000    0.000000    0.000000    0.000000    0.000000    0.000000    0.000000    0.000000    0.000000    0.000000    0.000000    0.000000    0.000000    0.000000    0.000000    0.000000
    0.000000    0.000000    0.000000    0.000000    0.000000    0.000000    0.000000    0.000000    0.000000    0.000000    0.000000    0.000000    0.000000    0.000000    0.000000    0.000000    0.000000    0.000000    0.000000    0.000000    0.000000    0.000000    0.000000    0.000000    0.000000
    0.000000    0.000000    0.000000    0.000000    0.000000    0.000000    0.000000    0.000000    0.000000    0.000000    0.000000    0.000000    0.000000    0.000000    0.000000    0.000000    0.000000    0.000000    0.000000    0.000000    0.000000    0.000000    0.000000    0.000000    0.000000
    0.000000    0.000000    0.000000    0.000000    0.000000    0.000000    0.000000    0.000000    0.000000    0.000000    0.000000    0.000000    0.000000    0.000000    0.000000    0.000000    0.000000    0.000000    0.000000    0.000000    0.000000    0.000000    0.000000    0.000000    0.000000
    0.000000    0.000000    0.000000    0.000000    0.000000    0.000000    0.000000    0.000000    0.000000    0.000000    0.000000    0.000000    0.000000    0.000000    0.000000    0.000000    0.000000    0.000000    0.000000    0.000000    0.000000    0.000000    0.000000    0.000000    0.000000
    0.000000    0.000000    0.000000    0.000000    0.000000    0.000000    0.000000    0.000000    0.000000    0.000000    0.000000    0.000000    0.000000    0.000000    0.000000    0.000000    0.000000    0.000000    0.000000    0.000000    0.000000    0.000000    0.000000    0.000000    0.000000
   -0.000000   -0.000000   -0.000000   -0.000000   -0.000000   -0.000000   -0.000000   -0.000000   -0.000000   -0.000165   -0.016643   -0.016658   -0.016658   -0.016658   -0.016643   -0.000158   -0.000000   -0.000000   -0.000000   -0.000000   -0.000000   -0.000000   -0.000000   -0.000000   -0.000000
   -0.000000   -0.000000   -0.000000   -0.000000   -0.000000   -0.000000   -0.000000   -0.000000   -0.000000   -0.000148   -0.016650   -0.016665   -0.016665   -0.016665   -0.016650   -0.000141   -0.000000   -0.000000   -0.000000   -0.000000   -0.000000   -0.000000   -0.000000   -0.000000   -0.000000
   -0.000000   -0.000000   -0.000000   -0.000000   -0.000000   -0.000000   -0.000000   -0.000000   -0.000000   -0.000125   -0.016652   -0.016666   -0.016666   -0.016666   -0.016652   -0.000120   -0.000000   -0.000000   -0.000000   -0.000000   -0.000000   -0.000000   -0.000000   -0.000000   -0.000000
   -0.000000   -0.000000   -0.000000   -0.000000   -0.000000   -0.000000   -0.000000   -0.000000   -0.000000   -0.000104   -0.016652   -0.016667   -0.016667   -0.016667   -0.016652   -0.000100   -0.000000   -0.000000   -0.000000   -0.000000   -0.000000   -0.000000   -0.000000   -0.000000   -0.000000
   -0.000000   -0.000000   -0.000000   -0.000000   -0.000000   -0.000000   -0.000000   -0.000000   -0.000000   -0.000083   -0.016652   -0.016667   -0.016667   -0.016667   -0.016652   -0.000079   -0.000000   -0.000000   -0.000000   -0.000000   -0.000000   -0.000000   -0.000000   -0.000000   -0.000000
   -0.000000   -0.000000   -0.000000   -0.000000   -0.000000   -0.000000   -0.000000   -0.000000   -0.000000   -0.000061   -0.016652   -0.016667   -0.016667   -0.016667   -0.016652   -0.000059   -0.000000   -0.000000   -0.000000   -0.000000   -0.000000   -0.000000   -0.000000   -0.000000   -0.000000
   -0.000000   -0.000000   -0.000000   -0.000000   -0.000000   -0.000000   -0.000000   -0.000000   -0.000000   -0.000039   -0.016652   -0.016667   -0.016667   -0.016667   -0.016652   -0.000038   -0.000000   -0.000000   -0.000000   -0.000000   -0.000000   -0.000000   -0.000000   -0.000000   -0.000000
   -0.000000   -0.000000   -0.000000   -0.000000   -0.000000   -0.000000   -0.000000   -0.000000   -0.000000   -0.000018   -0.016652   -0.016667   -0.016667   -0.016667   -0.016652   -0.000017   -0.000000   -0.000000   -0.000000   -0.000000   -0.000000   -0.000000   -0.000000   -0.000000   -0.000000
   -0.000000   -0.000000   -0.000000   -0.000000   -0.000000   -0.000000   -0.000000   -0.000000   -0.000000   -0.000007   -0.016628   -0.016667   -0.016667   -0.016667   -0.016627   -0.000007   -0.000000   -0.000000   -0.000000   -0.000000   -0.000000   -0.000000   -0.000000   -0.000000   -0.000000
   -0.000000   -0.000000   -0.000000   -0.000000   -0.000000   -0.000000   -0.000000   -0.000000   -0.000000   -0.000007   -0.015349   -0.016641   -0.016654   -0.016642   -0.015347   -0.000007   -0.000000   -0.000000   -0.000000   -0.000000   -0.000000   -0.000000   -0.000000   -0.000000   -0.000000
   -0.000000   -0.000000   -0.000000   -0.000000   -0.000000   -0.000000   -0.000000   -0.000000   -0.000000   -0.000000   -0.000006   -0.000008   -0.000011   -0.000008   -0.000006   -0.000000   -0.000000   -0.000000   -0.000000   -0.000000   -0.000000   -0.000000   -0.000000   -0.000000   -0.000000
    0.000000   -0.000000   -0.000000   -0.000000   -0.000000   -0.000000   -0.000000   -0.000000   -0.000000   -0.000000   -0.000000   -0.000000   -0.000000   -0.000000   -0.000000   -0.000000   -0.000000   -0.000000   -0.000000   -0.000000   -0.000000   -0.000000   -0.000000   -0.000000    0.000000
    0.000000    0.000000   -0.000000   -0.000000   -0.000000   -0.000000   -0.000000   -0.000000   -0.000000   -0.000000   -0.000000   -0.000000   -0.000000   -0.000000   -0.000000   -0.000000   -0.000000   -0.000000   -0.000000   -0.000000   -0.000000   -0.000000   -0.000000    0.000000    0.000000
    0.000000    0.000000    0.000000   -0.000000   -0.000000   -0.000000   -0.000000   -0.000000   -0.000000   -0.000000   -0.000000   -0.000000   -0.000000   -0.000000   -0.000000   -0.000000   -0.000000   -0.000000   -0.000000   -0.000000   -0.000000   -0.000000    0.000000    0.000000    0.000000
    0.000000    0.000000    0.000000    0.000000   -0.000000   -0.000000   -0.000000   -0.000000   -0.000000   -0.000000   -0.000000   -0.000000   -0.000000   -0.000000   -0.000000   -0.000000   -0.000000   -0.000000   -0.000000   -0.000000   -0.000000    0.000000    0.000000    0.000000    0.000000
    0.000000    0.000000    0.000000    0.000000    0.000000   -0.000000   -0.000000   -0.000000   -0.000000   -0.000000   -0.000000   -0.000000   -0.000000   -0.000000   -0.000000   -0.000000   -0.000000   -0.000000   -0.000000   -0.000000    0.000000    0.000000    0.000000    0.000000    0.000000
    0.000000    0.000000    0.000000    0.000000    0.000000    0.000000   -0.000000   -0.000000   -0.000000   -0.000000   -0.000000   -0.000000   -0.000000   -0.000000   -0.000000   -0.000000   -0.000000   -0.000000   -0.000000    0.000000    0.000000    0.000000    0.000000    0.000000    0.000000
    0.000000    0.000000    0.000000    0.000000    0.000000    0.000000    0.000000   -0.000000   -0.000000   -0.000000   -0.000000   -0.000000   -0.000000   -0.000000   -0.000000   -0.000000   -0.000000   -0.000000    0.000000    0.000000    0.000000    0.000000    0.000000    0.000000    0.000000
    0.000000    0.000000    0.000000    0.000000    0.000000    0.000000    0.000000    0.000000   -0.000000   -0.000000   -0.000000   -0.000000   -0.000000   -0.000000   -0.000000   -0.000000   -0.000000    0.000000    0.000000    0.000000    0.000000    0.000000    0.000000    0.000000    0.000000
    0.000000    0.000000    0.000000    0.000000    0.000000    0.000000    0.000000    0.000000    0.000000   -0.000000   -0.000000   -0.000000   -0.000000   -0.000000   -0.000000   -0.000000    0.000000    0.000000    0.000000    0.000000    0.000000    0.000000    0.000000    0.000000    0.000000
    0.000000    0.000000    0.000000    0.000000    0.000000    0.000000    0.000000    0.000000    0.000000    0.000000    0.000000    0.000000    0.000000    0.000000    0.000000    0.000000    0.000000    0.000000    0.000000    0.000000    0.000000    0.000000    0.000000    0.000000    0.000000
    0.000000    0.000000    0.000000    0.000000    0.000000    0.000000    0.000000    0.000000    0.000000    0.000000    0.000000    0.000000    0.000000    0.000000    0.000000    0.000000    0.000000    0.000000    0.000000    0.000000    0.000000    0.000000    0.000000    0.000000    0.000000
    0.000000    0.000000    0.000000    0.000000    0.000000    0.000000    0.000000    0.000000    0.000000    0.000000    0.000000    0.000000    0.000000    0.000000    0.000000    0.000000    0.000000    0.000000    0.000000    0.000000    0.000000    0.000000    0.000000    0.000000    0.000000
    0.000000    0.000000    0.000000    0.000000    0.000000    0.000000    0.000000    0.000000    0.000000    0.000000    0.000000    0.000000    0.000000    0.000000    0.000000    0.000000    0.000000    0.000000    0.000000    0.000000    0.000000    0.000000    0.000000    0.000000    0.000000
    0.000000    0.000000    0.000000    0.000000    0.000000    0.000000    0.000000    0.000000    0.000000    0.000000    0.000000    0.000000    0.000000    0.000000    0.000000    0.000000    0.000000    0.000000    0.000000    0.000000    0.000000    0.000000    0.000000    0.000000    0.000000
   -0.000000   -0.000000   -0.000000   -0.000000   -0.000000   -0.000000   -0.000000   -0.000000   -0.000001   -0.002385   -0.033267   -0.033319   -0.033319   -0.033319   -0.033267   -0.002183   -0.000001   -0.000000   -0.000000   -0.000000   -0.000000   -0.000000   -0.000000   -0.000000   -0.000000
   -0.000000   -0.000000   -0.000000   -0.000000   -0.000000   -0.000000   -0.000000   -0.000000   -0.000001   -0.002189   -0.033277   -0.033329   -0.033330   -0.033329   -0.033277   -0.002001   -0.000001   -0.000000   -0.000000   -0.000000   -0.000000   -0.000000   -0.000000   -0.000000   -0.000000
   -0.000000   -0.000000   -0.000000   -0.000000   -0.000000   -0.000000   -0.000000   -0.000000   -0.000001   -0.001857   -0.033279   -0.033333   -0.033333   -0.033333   -0.033279   -0.001695   -0.000001   -0.000000   -0.000000   -0.000000   -0.000000   -0.000000   -0.000000   -0.000000   -0.000000
   -0.000000   -0.000000   -0.000000   -0.000000   -0.000000   -0.000000   -0.000000   -0.000000   -0.000001   -0.001547   -0.033279   -0.033334   -0.033334   -0.033334   -0.033278   -0.001411   -0.000001   -0.000000   -0.000000   -0.000000   -0.000000   -0.000000   -0.000000   -0.000000   -0.000000
   -0.000000   -0.000000   -0.000000   -0.000000   -0.000000   -0.000000   -0.000000   -0.000000   -0.000000   -0.001224   -0.033278   -0.033334   -0.033334   -0.033334   -0.033277   -0.001117   -0.000000   -0.000000   -0.000000   -0.000000   -0.000000   -0.000000   -0.000000   -0.000000   -0.000000
   -0.000000   -0.000000   -0.000000   -0.000000   -0.000000   -0.000000   -0.000000   -0.000000   -0.000000   -0.000886   -0.033277   -0.033334   -0.033334   -0.033334   -0.033276   -0.000807   -0.000000   -0.000000   -0.000000   -0.000000   -0.000000   -0.000000   -0.000000   -0.000000   -0.000000
   -0.000000   -0.000000   -0.000000   -0.000000   -0.000000   -0.000000   -0.000000   -0.000000   -0.000000   -0.000548   -0.033275   -0.033334   -0.033334   -0.033334   -0.033275   -0.000499   -0.000000   -0.000000   -0.000000   -0.000000   -0.000000   -0.000000   -0.000000   -0.000000   -0.000000
   -0.000000   -0.000000   -0.000000   -0.000000   -0.000000   -0.000000   -0.000000   -0.000000   -0.000000   -0.000206   -0.033273   -0.033334   -0.033334   -0.033334   -0.033273   -0.000187   -0.000000   -0.000000   -0.000000   -0.000000   -0.000000   -0.000000   -0.000000   -0.000000   -0.000000
   -0.000000   -0.000000   -0.000000   -0.000000   -0.000000   -0.000000   -0.000000   -0.000000   -0.000000   -0.000031   -0.031161   -0.033333   -0.033334   -0.033333   -0.031119   -0.000031   -0.000000   -0.000000   -0.000000   -0.000000   -0.000000   -0.000000   -0.000000   -0.000000   -0.000000
   -0.000000   -0.000000   -0.000000   -0.000000   -0.000000   -0.000000   -0.000000   -0.000000   -0.000000   -0.000024   -0.015651   -0.032608   -0.033169   -0.032608   -0.015603   -0.000024   -0.000000   -0.000000   -0.000000   -0.000000   -0.000000   -0.000000   -0.000000   -0.000000   -0.000000
   -0.000000   -0.000000   -0.000000   -0.000000   -0.000000   -0.000000   -0.000000   -0.000000   -0.000000   -0.000005   -0.000010   -0.000029   -0.000033   -0.000029   -0.000010   -0.000005   -0.000000   -0.000000   -0.000000   -0.000000   -0.000000   -0.000000   -0.000000   -0.000000   -0.000000
   -0.000000   -0.000000   -0.000000   -0.000000   -0.000000   -0.000000   -0.000000   -0.000000   -0.000000   -0.000000   -0.000000   -0.000000   -0.000000   -0.000000   -0.000000   -0.000000   -0.000000   -0.000000   -0.000000   -0.000000   -0.000000   -0.000000   -0.000000   -0.000000   -0.000000
    0.000000   -0.000000   -0.000000   -0.000000   -0.000000   -0.000000   -0.000000   -0.000000   -0.000000   -0.000000   -0.000000   -0.000000   -0.000000   -0.000000   -0.000000   -0.000000   -0.000000   -0.000000   -0.000000   -0.000000   -0.000000   -0.000000   -0.000000   -0.000000    0.000000
    0.000000    0.000000   -0.000000   -0.000000   -0.000000   -0.000000   -0.000000   -0.000000   -0.000000   -0.000000   -0.000000   -0.000000   -0.000000   -0.000000   -0.000000   -0.000000   -0.000000   -0.000000   -0.000000   -0.000000   -0.000000   -0.000000   -0.000000    0.000000    0.000000
    0.000000    0.000000    0.000000   -0.000000   -0.000000   -0.000000   -0.000000   -0.000000   -0.000000   -0.000000   -0.000000   -0.000000   -0.000000   -0.000000   -0.000000   -0.000000   -0.000000   -0.000000   -0.000000   -0.000000   -0.000000   -0.000000    0.000000    0.000000    0.000000
    0.000000    0.000000    0.000000    0.000000   -0.000000   -0.000000   -0.000000   -0.000000   -0.000000   -0.000000   -0.000000   -0.000000   -0.000000   -0.000000   -0.000000   -0.000000   -0.000000   -0.000000   -0.000000   -0.000000   -0.000000    0.000000    0.000000    0.000000    0.000000
    0.000000    0.000000    0.000000    0.000000    0.000000   -0.000000   -0.000000   -0.000000   -0.000000   -0.000000   -0.000000   -0.000000   -0.000000   -0.000000   -0.000000   -0.000000   -0.000000   -0.000000   -0.000000   -0.000000    0.000000    0.000000    0.000000    0.000000    0.000000
    0.000000    0.000000    0.000000    0.000000    0.000000    0.000000   -0.000000   -0.000000   -0.000000   -0.000000   -0.000000   -0.000000   -0.000000   -0.000000   -0.000000   -0.000000   -0.000000   -0.000000   -0.000000    0.000000    0.000000    0.000000    0.000000    0.000000    0.000000
    0.000000    0.000000    0.000000    0.000000    0.000000    0.000000    0.000000   -0.000000   -0.000000   -0.000000   -0.000000   -0.000000   -0.000000   -0.000000   -0.000000   -0.000000   -0.000000   -0.000000    0.000000    0.000000    0.000000    0.000000    0.000000    0.000000    0.000000
    0.000000    0.000000    0.000000    0.000000    0.000000    0.000000    0.000000    0.000000   -0.000000   -0.000000   -0.000000   -0.000000   -0.000000   -0.000000   -0.000000   -0.000000   -0.000000    0.000000    0.000000    0.000000    0.000000    0.000000    0.000000    0.000000    0.000000
    0.000000    0.000000    0.000000    0.000000    0.000000    0.000000    0.000000    0.000000    0.000000   -0.000000   -0.000000   -0.000000   -0.000000   -0.000000   -0.000000   -0.000000    0.000000    0.000000    0.000000    0.000000    0.000000    0.000000    0.000000    0.000000    0.000000
    0.000000    0.000000    0.000000    0.000000    0.000000    0.000000    0.000000    0.000000    0.000000    0.000000    0.000000    0.000000    0.000000    0.000000    0.000000    0.000000    0.000000    0.000000    0.000000    0.000000    0.000000    0.000000    0.000000    0.000000    0.000000
    0.000000    0.000000    0.000000    0.000000    0.000000    0.000000    0.000000    0.000000    0.000000    0.000000    0.000000    0.000000    0.000000    0.000000    0.000000    0.000000    0.000000    0.000000    0.000000    0.000000    0.000000    0.000000    0.000000    0.000000    0.000000
    0.000000    0.000000    0.000000    0.000000    0.000000    0.000000    0.000000    0.000000    0.000000    0.000000    0.000000    0.000000    0.000000    0.000000    0.000000    0.000000    0.000000    0.000000    0.000000    0.000000    0.000000    0.000000    0.000000    0.000000    0.000000
    0.000000    0.000000    0.000000    0.000000    0.000000    0.000000    0.000000    0.000000    0.000000    0.000000    0.000000    0.000000    0.000000    0.000000    0.000000    0.000000    0.000000    0.000000    0.000000    0.000000    0.000000    0.000000    0.000000    0.000000    0.000000
   -0.000000   -0.000000   -0.000000   -0.000000   -0.000000   -0.000000   -0.000000   -0.000000   -0.000006   -0.010248   -0.049892   -0.049981   -0.049981   -0.049981   -0.049892   -0.009059   -0.000005   -0.000000   -0.000000   -0.000000   -0.000000   -0.000000   -0.000000   -0.000000   -0.000000
   -0.000000   -0.000000   -0.000000   -0.000000   -0.000000   -0.000000   -0.000000   -0.000000   -0.000006   -0.009666   -0.049900   -0.049994   -0.049994   -0.049994   -0.049900   -0.008542   -0.000005   -0.000000   -0.000000   -0.000000   -0.000000   -0.000000   -0.000000   -0.000000   -0.000000
   -0.000000   -0.000000   -0.000000   -0.000000   -0.000000   -0.000000   -0.000000   -0.000000   -0.000005   -0.008350   -0.049899   -0.049999   -0.049999   -0.049999   -0.049899   -0.007369   -0.000004   -0.000000   -0.000000   -0.000000   -0.000000   -0.000000   -0.000000   -0.000000   -0.000000
   -0.000000   -0.000000   -0.000000   -0.000000   -0.000000   -0.000000   -0.000000   -0.000000   -0.000004   -0.007023   -0.049894   -0.050001   -0.050001   -0.050001   -0.049893   -0.006187   -0.000004   -0.000000   -0.000000   -0.000000   -0.000000   -0.000000   -0.000000   -0.000000   -0.000000
   -0.000000   -0.000000   -0.000000   -0.000000   -0.000000   -0.000000   -0.000000   -0.000000   -0.000003   -0.005621   -0.049888   -0.050001   -0.050001   -0.050001   -0.049888   -0.004945   -0.000003   -0.000000   -0.000000   -0.000000   -0.000000   -0.000000   -0.000000   -0.000000   -0.000000
   -0.000000   -0.000000   -0.000000   -0.000000   -0.000000   -0.000000   -0.000000   -0.000000   -0.000002   -0.004152   -0.049880   -0.050001   -0.050001   -0.050001   -0.049880   -0.003636   -0.000002   -0.000000   -0.000000   -0.000000   -0.000000   -0.000000   -0.000000   -0.000000   -0.000000
   -0.000000   -0.000000   -0.000000   -0.000000   -0.000000   -0.000000   -0.000000   -0.000000   -0.000001   -0.002609   -0.049805   -0.050001   -0.050001   -0.050001   -0.049761   -0.002264   -0.000001   -0.000000   -0.000000   -0.000000   -0.000000   -0.000000   -0.000000   -0.000000   -0.000000
   -0.000000   -0.000000   -0.000000   -0.000000   -0.000000   -0.000000   -0.000000   -0.000000   -0.000001   -0.001010   -0.039111   -0.049997   -0.050001   -0.049997   -0.038649   -0.000906   -0.000001   -0.000000   -0.000000   -0.000000   -0.000000   -0.000000   -0.000000   -0.000000   -0.000000
   -0.000000   -0.000000   -0.000000   -0.000000   -0.000000   -0.000000   -0.000000   -0.000000   -0.000000   -0.000101   -0.020365   -0.049970   -0.049997   -0.049970   -0.019957   -0.000097   -0.000000   -0.000000   -0.000000   -0.000000   -0.000000   -0.000000   -0.000000   -0.000000   -0.000000
   -0.000000   -0.000000   -0.000000   -0.000000   -0.000000   -0.000000   -0.000000   -0.000000   -0.000000   -0.000041   -0.005839   -0.041882   -0.047861   -0.041882   -0.005709   -0.000041   -0.000000   -0.000000   -0.000000   -0.000000   -0.000000   -0.000000   -0.000000   -0.000000   -0.000000
   -0.000000   -0.000000   -0.000000   -0.000000   -0.000000   -0.000000   -0.000000   -0.000000   -0.000000   -0.000016   -0.000004   -0.000049   -0.000065   -0.000049   -0.000004   -0.000017   -0.000000   -0.000000   -0.000000   -0.000000   -0.000000   -0.000000   -0.000000   -0.000000   -0.000000
   -0.000000   -0.000000   -0.000000   -0.000000   -0.000000   -0.000000   -0.000000   -0.000000   -0.000000   -0.000001   -0.000000   -0.000000   -0.000000   -0.000000   -0.000000   -0.000001   -0.000000   -0.000000   -0.000000   -0.000000   -0.000000   -0.000000   -0.000000   -0.000000   -0.000000
   -0.000000   -0.000000   -0.000000   -0.000000   -0.000000   -0.000000   -0.000000   -0.000000   -0.000000   -0.000000   -0.000000   -0.000000   -0.000000   -0.000000   -0.000000   -0.000000   -0.000000   -0.000000   -0.000000   -0.000000   -0.000000   -0.000000   -0.000000   -0.000000   -0.000000
    0.000000   -0.000000   -0.000000   -0.000000   -0.000000   -0.000000   -0.000000   -0.000000   -0.000000   -0.000000   -0.000000   -0.000000   -0.000000   -0.000000   -0.000000   -0.000000   -0.000000   -0.000000   -0.000000   -0.000000   -0.000000   -0.000000   -0.000000   -0.000000    0.000000
    0.000000    0.000000   -0.000000   -0.000000   -0.000000   -0.000000   -0.000000   -0.000000   -0.000000   -0.000000   -0.000000   -0.000000   -0.000000   -0.000000   -0.000000   -0.000000   -0.000000   -0.000000   -0.000000   -0.000000   -0.000000   -0.000000   -0.000000    0.000000    0.000000
    0.000000    0.000000    0.000000   -0.000000   -0.000000   -0.000000   -0.000000   -0.000000   -0.000000   -0.000000   -0.000000   -0.000000   -0.000000   -0.000000   -0.000000   -0.000000   -0.000000   -0.000000   -0.000000   -0.000000   -0.000000   -0.000000    0.000000    0.000000    0.000000
    0.000000    0.000000    0.000000    0.000000   -0.000000   -0.000000   -0.000000   -0.000000   -0.000000   -0.000000   -0.000000   -0.000000   -0.000000   -0.000000   -0.000000   -0.000000   -0.000000   -0.000000   -0.000000   -0.000000   -0.000000    0.000000    0.000000    0.000000    0.000000
    0.000000    0.000000    0.000000    0.000000    0.000000   -0.000000   -0.000000   -0.000000   -0.000000   -0.000000   -0.000000   -0.000000   -0.000000   -0.000000   -0.000000   -0.000000   -0.000000   -0.000000   -0.000000   -0.000000    0.000000    0.000000    0.000000    0.000000    0.000000
    0.000000    0.000000    0.000000    0.000000    0.000000    0.000000   -0.000000   -0.000000   -0.000000   -0.000000   -0.000000   -0.000000   -0.000000   -0.000000   -0.000000   -0.000000   -0.000000   -0.000000   -0.000000    0.000000    0.000000    0.000000    0.000000    0.000000    0.000000
    0.000000    0.000000    0.000000    0.000000    0.000000    0.000000    0.000000   -0.000000   -0.000000   -0.000000   -0.000000   -0.000000   -0.000000   -0.000000   -0.000000   -0.000000   -0.000000   -0.000000    0.000000    0.000000    0.000000    0.000000    0.000000    0.000000    0.000000
    0.000000    0.000000    0.000000    0.000000    0.000000    0.000000    0.000000    0.000000    0.000000   -0.000000   -0.000000   -0.000000   -0.000000   -0.000000   -0.000000   -0.000000    0.000000    0.000000    0.000000    0.000000    0.000000    0.000000    0.000000    0.000000    0.000000
    0.000000    0.000000    0.000000    0.000000    0.000000    0.000000    0.000000    0.000000    0.000000    0.000000   -0.000000   -0.000000   -0.000000   -0.000000   -0.000000    0.000000    0.000000    0.000000    0.000000    0.000000    0.000000    0.000000    0.000000    0.000000    0.000000
    0.000000    0.000000    0.000000    0.000000    0.000000    0.000000    0.000000    0.000000    0.000000    0.000000    0.000000    0.000000    0.000000    0.000000    0.000000    0.000000    0.000000    0.000000    0.000000    0.000000    0.000000    0.000000    0.000000    0.000000    0.000000
